Model 1:

Labels:

{'NotPregnant': '0', 'Pregnant': '1'}

Predictions::

[0. 0. 1. 1. 0. 0. 1. 1. 0. 1. 0. 1. 0. 1. 1. 0. 0. 1. 0. 1. 1. 1. 1. 0.
 1. 0. 0. 1. 0. 0. 0. 1. 1. 0. 1. 0. 0. 0. 0. 0. 1. 0. 1. 0. 1. 0. 1. 0.
 1. 1. 1. 1. 0. 1. 0. 0. 1. 1. 0. 0. 1. 0. 1. 0. 1. 0. 0. 0. 0. 1.]

Actual:

[0. 1. 1. 1. 0. 1. 0. 1. 1. 1. 1. 1. 1. 1. 0. 0. 1. 1. 0. 0. 0. 1. 1. 0.
 1. 1. 0. 1. 0. 1. 0. 1. 0. 1. 1. 0. 0. 1. 1. 0. 0. 0. 0. 1. 1. 0. 0. 0.
 0. 0. 0. 1. 1. 0. 0. 1. 1. 1. 0. 0. 1. 1. 0. 1. 0. 0. 0. 1. 0. 0.]

Predict    	NotPregnant	Pregnant	
Actual

NotPregnant	20	15	

Pregnant	17	18	



AUC: 

{'NotPregnant': 0.5428571428571428, 'Pregnant': 0.5428571428571428}AUC Quality: 

{'NotPregnant': 'Poor', 'Pregnant': 'Poor'}

Model 2:

Labels:

{'NotPregnant': '0', 'Pregnant': '1'}

Predictions::

[0. 1. 1. 1. 0. 1. 1. 0. 0. 1. 0. 1. 1. 1. 1. 1. 1. 1. 0. 0. 1. 1. 1. 1.
 0. 0. 1. 1. 1. 0. 0. 0. 1. 0. 1. 0. 1. 0. 1. 0. 1. 0. 0. 0. 1. 0. 1. 0.
 1. 0. 1. 1. 1. 1. 0. 0. 1. 1. 0. 0. 1. 0. 1. 1. 1. 0. 0. 0. 0. 0.]

Actual:

[0. 1. 1. 1. 0. 1. 0. 1. 1. 1. 1. 1. 1. 1. 0. 0. 1. 1. 0. 0. 0. 1. 1. 0.
 1. 1. 0. 1. 0. 1. 0. 1. 0. 1. 1. 0. 0. 1. 1. 0. 0. 0. 0. 1. 1. 0. 0. 0.
 0. 0. 0. 1. 1. 0. 0. 1. 1. 1. 0. 0. 1. 1. 0. 1. 0. 0. 0. 1. 0. 0.]

Predict    	NotPregnant	Pregnant	
Actual

NotPregnant	19	16	

Pregnant	13	22	



AUC: 

{'NotPregnant': 0.5857142857142856, 'Pregnant': 0.5857142857142856}AUC Quality: 

{'NotPregnant': 'Poor', 'Pregnant': 'Poor'}



